Date,New Articles,Total Articles
2001/01/01,0,0
2001/02/01,0,0
2001/03/01,0,0
2001/04/01,0,0
2001/05/01,0,0
2001/06/01,0,0
2001/07/01,0,0
2001/08/01,0,0
2001/09/01,0,0
2001/10/01,0,0
2001/11/01,0,0
2001/12/01,0,0
2002/01/01,0,0
2002/02/01,0,0
2002/03/01,0,0
2002/04/01,0,0
2002/05/01,0,0
2002/06/01,0,0
2002/07/01,0,0
2002/08/01,0,0
2002/09/01,0,0
2002/10/01,0,0
2002/11/01,0,0
2002/12/01,0,0
2003/01/01,0,0
2003/02/01,0,0
2003/03/01,0,0
2003/04/01,0,0
2003/05/01,0,0
2003/06/01,0,0
2003/07/01,0,0
2003/08/01,0,0
2003/09/01,0,0
2003/10/01,0,0
2003/11/01,0,0
2003/12/01,0,0
2004/01/01,0,0
2004/02/01,0,0
2004/03/01,0,0
2004/04/01,0,0
2004/05/01,2,2
2004/06/01,1,3
2004/07/01,1,4
2004/08/01,8,12
2004/09/01,2,14
2004/10/01,0,14
2004/11/01,0,14
2004/12/01,0,14
2005/01/01,0,14
2005/02/01,1,15
2005/03/01,6,21
2005/04/01,0,21
2005/05/01,3,24
2005/06/01,0,24
2005/07/01,0,24
2005/08/01,0,24
2005/09/01,5,29
2005/10/01,1,30
2005/11/01,1,31
2005/12/01,4,35
2006/01/01,5,40
2006/02/01,1,41
2006/03/01,5,46
2006/04/01,6,52
2006/05/01,0,52
2006/06/01,2,54
2006/07/01,2,56
2006/08/01,53,109
2006/09/01,58,167
2006/10/01,65,232
2006/11/01,19,251
2006/12/01,5,256
2007/01/01,5,261
2007/02/01,0,261
2007/03/01,2,263
2007/04/01,9,272
2007/05/01,3,275
2007/06/01,36,311
2007/07/01,3,314
2007/08/01,40,354
2007/09/01,2,356
2007/10/01,143,499
2007/11/01,690,1189
2007/12/01,1900,3089
2008/01/01,361,3450
2008/02/01,1,3451
2008/03/01,1,3452
2008/04/01,4,3456
2008/05/01,3,3459
2008/06/01,2,3461
2008/07/01,1,3462
2008/08/01,4,3466
2008/09/01,9,3475
2008/10/01,18,3493
2008/11/01,459,3952
2008/12/01,421,4373
2009/01/01,94,4467
2009/02/01,46,4513
2009/03/01,105,4618
2009/04/01,454,5072
2009/05/01,8,5080
2009/06/01,154,5234
2009/07/01,21,5255
2009/08/01,42,5297
2009/09/01,258,5555
2009/10/01,2,5557
2009/11/01,8,5565
2009/12/01,27,5592
2010/01/01,9,5601
2010/02/01,4,5605
2010/03/01,4,5609
2010/04/01,24,5633
2010/05/01,29289,34922
2010/06/01,12894,47816
2010/07/01,11346,59162
2010/08/01,2164,61326
2010/09/01,0,61326
2010/10/01,3,61329
2010/11/01,4,61333
2010/12/01,19,61352
2011/01/01,28,61380
2011/02/01,188,61568
2011/03/01,167,61735
2011/04/01,1,61736
2011/05/01,0,61736
2011/06/01,1,61737
2011/07/01,2,61739
2011/08/01,0,61739
2011/09/01,3,61742
2011/10/01,1,61743
2011/11/01,2,61745
2011/12/01,1,61746
2012/01/01,6,61752
2012/02/01,9,61761
2012/03/01,2,61763
